0.485857, 
0.402358, 
0.219332, 
0.268507, 
0.905301, 
0.398369, 
0.268276, 
0.034269, 
0.166886, 
0.131336, 
0.389470, 
0.171591, 
0.043414, 
0.290373, 
1.285424, 
0.316203, 
0.037513, 
0.161776, 
0.034453, 
0.052395, 
0.176107, 
0.400406, 
0.250807, 
0.152548, 
0.034088, 
0.308236, 
0.100696, 
0.304313, 
0.130624, 
0.289716, 
0.127011, 
0.098815, 
0.210691, 
0.406535, 
0.086563, 
0.909819, 
0.196912, 
0.183078, 
0.160578, 
0.163419, 
0.124607, 
0.134604, 
0.305044, 
0.039168, 
0.139821, 
0.193350, 
0.351081, 
0.093573, 
0.072101, 
0.396963, 
0.056504, 
0.350480, 
0.495670, 
0.151903, 
0.347474, 
0.596447, 
0.214104, 
0.569517, 
0.669423, 
0.421525, 
0.266361, 
0.433637, 
0.091944, 
0.583408, 
0.267124, 
0.013389, 
0.185026, 
0.151060, 
0.292585, 
0.023319, 
0.026806, 
0.037760, 
0.080652, 
0.688693, 
0.377768, 
0.048164, 
0.752604, 
0.992410, 
0.141328, 
0.514347, 
0.029885, 
0.397880, 
0.935346, 
0.959554, 
0.394827, 
0.382507, 
0.203352, 
0.051012, 
0.178182, 
0.203399, 
0.679163, 
0.236136, 
0.258220, 
0.152052, 
0.799664, 
0.239942, 
0.074260, 
0.504357, 
0.360206, 
0.503797, 
0.332643, 
0.413670, 
0.404419, 
0.214854, 
0.352545, 
0.490331, 
0.067346, 
0.389694, 
0.349419, 
0.116284, 
0.116816, 
0.148190, 
0.285091, 
0.023114, 
0.163211, 
0.326209, 
0.500424, 
0.407567, 
0.745592, 
0.095301, 
0.511763, 
0.350573, 
0.213188, 
0.452102, 
0.310576, 
0.187452, 
0.597447, 
0.181856, 
0.821902, 
0.290276, 
0.057548, 
0.240338, 
0.145216, 
0.176621, 
0.205561, 
0.812966, 
0.079774, 
0.182019, 
0.025875, 
0.214491, 
0.147868, 
0.174510, 
0.312239, 
0.614484, 
0.180268, 
0.231663, 
0.511066, 
0.181634, 
0.961877, 
0.607694, 
0.195632, 
0.044735, 
0.100653, 
0.099074, 
0.145708, 
0.253102, 
0.310353, 
0.692769, 
0.049058, 
0.092875, 
0.254537, 
0.274595, 
0.191060, 
0.092172, 
0.121590, 
0.502903, 
0.138492, 
0.165154, 
0.204542, 
0.522075, 
0.049747, 
0.079505, 
0.398832, 
0.344778, 
0.531425, 
0.465440, 
0.871289, 
0.909209, 
0.324159, 
0.216486, 
0.232950, 
0.328512, 
0.065017, 
0.427080, 
0.445998, 
0.147420, 
0.205182, 
0.393370, 
0.302102, 
0.273103, 
0.032081, 
0.380143, 
0.017585, 
0.190990, 
0.363315, 
0.895085, 
0.199309, 
0.065114, 
0.551658, 
0.550919, 
0.117419, 
0.083031, 
0.438332, 
0.622410, 
0.159448, 
0.115755, 
0.218440, 
0.220749, 
0.144726, 
0.413227, 
0.371359, 
0.690401, 
0.053225, 
0.078664, 
0.135619, 
0.633888, 
0.191411, 
0.655190, 
0.218896, 
0.367282, 
0.749915, 
0.316511, 
1.058223, 
0.526297, 
0.108224, 
0.489786, 
0.144930, 
0.111373, 
0.108943, 
0.167703, 
0.229851, 
0.242684, 
0.277262, 
0.154733, 
0.203604, 
0.446473, 
0.064141, 
0.582520, 
0.560934, 
0.391467, 
0.433628, 
0.167022, 
0.884080, 
0.179117, 
0.756668, 
0.741442, 
0.139274, 
0.176391, 
0.046959, 
0.147215, 
0.417006, 
1.035080, 
0.302826, 
0.031362, 
0.800613, 
0.305518, 
0.373485, 
0.085920, 
0.765262, 
0.685713, 
0.038330, 
0.152893, 
0.608944, 
0.071184, 
0.275679, 
0.393222, 
1.064019, 
0.433305, 
0.055652, 
0.385724, 
0.210142, 
0.392614, 
0.328498, 
0.268430, 
1.031570, 
0.499100, 
0.469739, 
0.123135, 
0.397430, 
0.524556, 
0.406557, 
0.598719, 
0.181831, 
0.578308, 
0.386993, 
0.221612, 
0.750981, 
0.363577, 
0.410968, 
0.353587, 
0.353950, 
0.155821, 
0.211618, 
0.197499, 
0.071974, 
0.158242, 
0.102803, 
0.575445, 
0.308333, 
0.082383, 
0.353113, 
0.028154, 
0.141508, 
0.224070, 
0.073414, 
0.192293, 
0.160672, 
0.482780, 
0.032313, 
0.459779, 
0.023030, 
0.361948, 
0.418218, 
0.303975, 
0.041967, 
0.916396, 
0.223403, 
0.215215, 
0.019678, 
0.349101, 
0.278637, 
0.037330, 
0.077975, 
0.104254, 
0.176939, 
0.085165, 
0.128843, 
0.717488, 
0.420214, 
0.115888, 
0.250282, 
0.038394, 
0.131623, 
0.088127, 
0.526029, 
0.129590, 
0.332831, 
0.246868, 
0.109349, 
0.488688, 
0.436300, 
0.077292, 
0.068242, 
0.204513, 
0.127941, 
0.076560, 
0.056570, 
0.308336, 
0.722806, 
0.084005, 
0.020076, 
0.115213, 
0.772334, 
0.495109, 
0.222060, 
0.659957, 
0.649441, 
0.237177, 
0.072993, 
0.145413, 
0.086721, 
0.405457, 
0.504266, 
0.142924, 
0.202944, 
0.389949, 
0.334967, 
0.310911, 
0.559886, 
0.471402, 
0.200208, 
0.081878, 
0.175341, 
0.440962, 
0.022400, 
1.149023, 
0.006492, 
0.051206, 
0.111578, 
0.499477, 
0.170177, 
0.271992, 
0.621178, 
0.878671, 
0.181347, 
0.025991, 
0.107779, 
0.043178, 
0.070706, 
0.071841, 
0.410724, 
0.076912, 
0.181584, 
0.386198, 
0.664948, 
0.408751, 
0.072024, 
0.068865, 
0.117292, 
0.623678, 
0.391541, 
0.113377, 
0.293746, 
0.574255, 
0.476943, 
0.603838, 
0.321017, 
0.242647, 
0.040049, 
0.356412, 
0.548537, 
0.111176, 
0.671951, 
0.122395, 
0.507683, 
0.280775, 
0.367255, 
0.402057, 
0.123378, 
0.063149, 
0.599567, 
0.141863, 
0.298417, 
0.181636, 
0.296189, 
0.740284, 
0.101741, 
0.165933, 
0.133791, 
0.932840, 
0.261455, 
0.470573, 
0.393168, 
0.455770, 
0.365987, 
0.358826, 
0.196703, 
0.150778, 
0.350399, 
0.262509, 
0.683422, 
0.429116, 
0.174115, 
0.456198, 
0.100758, 
0.120692, 
0.240468, 
0.659465, 
0.080183, 
0.137576, 
0.281188, 
0.274145, 
0.469976, 
0.139298, 
0.283087, 
0.307790, 
0.179864, 
0.127634, 
0.049774, 
0.700684, 
0.482141, 
0.040004, 
0.030511, 
0.239169, 
0.310636, 
0.361781, 
0.070699, 
0.241075, 
0.161690, 
0.068666, 
0.175789, 
0.316722, 
0.204681, 
0.096350, 
0.461883, 
0.079305, 
0.628456, 
0.484269, 
0.171256, 
0.573262, 
0.096925, 
0.567063, 
0.177689, 
0.268030, 
0.261735, 
0.370926, 
0.300400, 
0.532803, 
0.210089, 
0.410763, 
0.451307, 
0.050879, 
0.591248, 
0.329041, 
0.119234, 
0.547584, 
0.223548, 
0.262984, 
0.336541, 
0.366328, 
0.195898, 
0.208631, 
0.261695, 
0.257565, 
0.026129, 
0.394752, 
0.457482, 
0.438483, 
0.883335, 
0.382496, 
1.009786, 
0.044509, 
0.635366, 
0.092960, 
0.093580, 
0.352115, 
1.001210, 
0.683464, 
0.123100, 
0.356835, 
0.124230, 
0.178195, 
0.503923, 
0.310362, 
0.105129, 
0.624735, 
0.082574, 
0.229359, 
0.499007, 
0.105119, 
0.588447, 
0.741669, 
0.280876, 
0.083932, 
0.069658, 
0.140276, 
0.351070, 
0.579047, 
0.275224, 
0.056157, 
0.061046, 
0.366216, 
0.432161, 
0.211703, 
0.432599, 
0.783109, 
0.690976, 
0.757964, 
0.281564, 
0.114634, 
0.161929, 
0.443434, 
0.188543, 
0.079416, 
0.563831, 
0.468183, 
0.408795, 
0.387364, 
0.530842, 
0.577078, 
0.262314, 
0.184479, 
0.074507, 
0.346930, 
0.538363, 
0.693362, 
0.465772, 
0.045540, 
0.263699, 
0.617305, 
0.160462, 
0.084526, 
0.301690, 
0.576166, 
0.263350, 
0.443520, 
0.337751, 
0.136819, 
0.530100, 
0.433703, 
0.153442, 
0.141680, 
0.341642, 
0.107984, 
0.169064, 
0.087416, 
0.103849, 
0.130657, 
0.238828, 
0.208939, 
0.437278, 
0.458607, 
0.631703, 
0.719294, 
0.081041, 
0.967845, 
0.837527, 
0.088454, 
0.259540, 
0.503906, 
1.079647, 
0.136648, 
0.078579, 
0.126615, 
1.090572, 
0.255201, 
0.283174, 
0.070395, 
0.302930, 
0.156994, 
0.348973, 
0.021515, 
0.063698, 
0.563172, 
0.441440, 
0.148991, 
0.696861, 
0.027798, 
0.221427, 
0.245731, 
0.299082, 
0.103613, 
0.202299, 
0.042975, 
0.045827, 
0.106243, 
0.372362, 
0.171330, 
0.706886, 
0.109403, 
0.211324, 
0.683870, 
0.507632, 
0.751595, 
0.174904, 
0.645580, 
0.443654, 
0.063847, 
0.096360, 
0.937618, 
0.143872, 
0.230773, 
0.606146, 
0.611648, 
0.082073, 
0.222534, 
0.170695, 
0.255346, 
0.015493, 
0.326036, 
0.328823, 
0.634332, 
0.246314, 
0.243482, 
0.090835, 
0.031434, 
0.635411, 
0.229418, 
0.401352, 
0.340422, 
0.220569, 
0.284893, 
0.127656, 
0.930551, 
0.422900, 
0.043071, 
0.332078, 
0.170795, 
0.287240, 
0.265999, 
0.345000, 
0.957005, 
0.537631, 
0.101324, 
0.290385, 
0.206763, 
0.698230, 
0.458254, 
0.500056, 
0.412199, 
0.048053, 
0.408892, 
0.278997, 
0.221491, 
0.222168, 
0.301333, 
0.362854, 
0.387356, 
0.397420, 
0.027883, 
0.394806, 
0.747615, 
1.226292, 
0.105286, 
0.251342, 
0.220100, 
0.610709, 
0.400186, 
0.271031, 
0.336940, 
0.127153, 
0.020463, 
0.630994, 
0.531946, 
0.401359, 
0.624458, 
0.270504, 
0.369534, 
0.064692, 
0.327352, 
0.810049, 
0.235913, 
0.931634, 
0.098158, 
0.463998, 
0.283714, 
0.337661, 
0.118283, 
0.549798, 
0.074072, 
0.071261, 
0.172790, 
0.015095, 
0.100292, 
0.165915, 
0.061714, 
0.041248, 
0.344848, 
0.674953, 
0.299633, 
0.509505, 
0.061758, 
0.131181, 
0.138831, 
0.675539, 
0.491021, 
0.171985, 
0.181365, 
0.167155, 
0.050760, 
0.281073, 
0.091813, 
0.195173, 
0.242461, 
0.953705, 
0.290304, 
0.640539, 
0.810594, 
0.352133, 
0.345304, 
0.579878, 
0.243414, 
0.195365, 
0.115302, 
0.247506, 
0.149114, 
0.193302, 
0.174203, 
0.080080, 
0.013873, 
0.159750, 
0.236917, 
0.072819, 
0.069054, 
0.512407, 
0.226383, 
0.025992, 
0.224349, 
0.794769, 
0.125229, 
0.970136, 
0.186775, 
0.032989, 
0.496413, 
0.015559, 
0.180762, 
0.536873, 
0.290780, 
0.064680, 
0.114241, 
0.364276, 
0.525178, 
0.356320, 
0.612960, 
0.634948, 
0.458155, 
0.670372, 
0.048958, 
0.043384, 
0.525491, 
0.109371, 
0.896202, 
0.139317, 
0.885521, 
0.128241, 
0.648261, 
0.224330, 
0.175997, 
0.769984, 
0.903426, 
0.307810, 
0.175656, 
0.088166, 
0.198502, 
0.504280, 
0.041177, 
0.163346, 
0.453051, 
0.313685, 
0.238983, 
0.198840, 
0.066467, 
0.227194, 
0.184140, 
0.343697, 
0.309538, 
0.102365, 
0.467702, 
0.651969, 
0.269619, 
0.386387, 
1.031992, 
0.204133, 
0.371361, 
0.089002, 
0.244558, 
0.585646, 
0.172473, 
1.205624, 
0.297902, 
0.148733, 
0.354511, 
0.707235, 
0.200027, 
0.365715, 
0.168681, 
0.058479, 
0.227415, 
0.086203, 
0.295545, 
0.552593, 
0.361727, 
0.504748, 
0.722888, 
0.650432, 
0.915979, 
0.305953, 
0.309989, 
0.259171, 
0.099908, 
1.027241, 
0.394120, 
0.337927, 
0.211679, 
0.349161, 
0.788448, 
0.449795, 
0.209637, 
0.127895, 
0.110926, 
0.187331, 
0.098114, 
0.415422, 
0.017325, 
0.092003, 
0.180063, 
0.580797, 
0.208241, 
0.249020, 
0.199818, 
0.237797, 
0.349708, 
0.591604, 
0.236754, 
0.080928, 
0.276402, 
0.157411, 
0.598064, 
0.307534, 
0.591180, 
0.147434, 
0.006605, 
0.854461, 
0.081367, 
0.174327, 
0.257925, 
0.284276, 
0.292989, 
0.359199, 
0.238400, 
0.070768, 
0.064745, 
0.169961, 
0.407561, 
0.323472, 
0.501978, 
0.119449, 
0.404649, 
0.103888, 
0.142973, 
0.135817, 
0.359825, 
0.304302, 
0.392744, 
0.271533, 
0.461125, 
0.104897, 
0.207780, 
0.107488, 
0.567961, 
0.618107, 
0.408713, 
0.193266, 
0.830139, 
0.065238, 
0.068182, 
0.655631, 
0.250782, 
0.659887, 
0.798409, 
0.427490, 
0.091550, 
0.720766, 
0.348577, 
0.219264, 
0.274978, 
0.797551, 
0.695803, 
0.164548, 
0.145918, 
0.021934, 
0.565765, 
0.531035, 
0.297060, 
0.246279, 
0.357545, 
0.281033, 
0.777742, 
0.206891, 
0.394780, 
0.075239, 
0.219442, 
0.044245, 
0.152961, 
0.386276, 
0.205996, 
0.162725, 
0.683072, 
0.183158, 
0.346481, 
0.067782, 
0.074084, 
0.183123, 
0.267030, 
0.047465, 
0.062549, 
0.035289, 
0.684113, 
0.221492, 
0.152297, 
0.106643, 
0.059632, 
0.269833, 
0.065942, 
0.864546, 
0.796283, 
0.227185, 
0.742375, 
0.118726, 
0.390510, 
0.279088, 
0.285899, 
0.055551, 
0.537672, 
0.009269, 
0.393296, 
0.301638, 
0.040529, 
0.698730, 
0.614173, 
0.515087, 
0.201943, 
0.386295, 
0.399890, 
0.295749, 
0.458031, 
0.938484, 
0.105276, 
0.093595, 
0.359063, 
0.717436, 
0.632031, 
0.056688, 
1.273301, 
0.258057, 
0.277506, 
0.151278, 
0.039908, 
0.231540, 
0.175290, 
0.008254, 
0.841505, 
0.168942, 
0.107353, 
0.314526, 
0.052451, 
0.268332, 
0.218925, 
0.430328, 
0.161107, 
0.111249, 
0.689856, 
0.088272, 
0.495710, 
0.169375, 
0.273615, 
0.312500, 
0.377910, 
0.026783, 
0.301948, 
0.101102, 
0.328748, 
0.133596, 
0.303061, 
1.372579, 
0.873694, 
0.652558, 
0.309333, 
0.246253, 
0.088659, 
0.318099, 
0.250863, 
0.136529, 
0.683658, 
0.048868, 
0.096538, 
0.445229, 
0.442103, 
0.541211, 
0.943716, 
0.135245, 
0.608607, 
0.115470, 
0.347775, 
0.655599, 
0.187198, 
0.292268, 
0.633854, 
0.058251, 
0.103278, 
0.067703, 
0.424619, 
0.098976, 
0.088464, 
0.673048, 
0.315673, 
0.781155, 
0.231342, 
0.185288, 
0.138796, 
0.552037, 
0.165119, 
0.068699, 
0.322434, 
0.317385, 
0.040683, 
0.375578, 
0.005751, 
0.304496, 
0.057742, 
0.122260, 
0.057374, 
1.029731, 
0.609981, 
0.488164, 
0.094659, 
0.119562, 
0.352036, 
0.284295, 
0.634357, 
0.031689, 
0.184686, 
0.242342, 
0.230148, 
0.171356, 
0.103754, 
0.186036, 
0.267779, 
0.121114, 
0.502292, 
0.547280, 
0.186894, 
0.257260, 
0.069580, 
0.109604, 
0.051814, 
0.460238, 
0.201233, 
0.368972, 
0.249570, 
0.259350, 
0.720610, 
0.165366, 
0.456222, 
0.019283, 
0.348018, 
0.157225, 
0.780435, 
1.023044, 
0.516623, 
0.114859, 
0.263870, 
0.638542, 
0.285606, 
0.234018, 
0.007628, 
0.062884, 
0.200949, 
0.267969, 
0.096758, 
0.067164, 
0.359355, 
0.242364, 
0.026065, 
0.250443, 
0.698301, 
0.422890, 
0.174342, 
0.357252, 
0.184025, 
0.546203, 
0.189178, 
0.911030, 
0.213390, 
0.094040, 
0.528037, 
0.059586, 
0.083014, 
0.066288, 
0.464517, 
0.043511, 
0.176066, 
0.399696, 
0.045319, 
0.187143, 
0.046664, 
0.196687, 
0.152273, 
0.129687, 
0.406717, 
0.725634, 
0.383073, 
0.177139, 
0.611970, 
0.415610, 
0.397323, 
0.558865, 
0.854956, 
0.133151, 
0.501773, 
0.076666, 
0.207267, 
0.053617, 
0.134888, 
0.179163, 
0.528173, 
0.437091, 
0.493567, 
0.853418, 
0.728966, 
0.818845, 
0.240987, 
0.263018, 
0.135680, 
0.687490, 
0.183606, 
0.150465, 
0.133164, 
0.730909, 
0.393559, 
0.113330, 
0.896798, 
0.061992, 
0.691977, 
0.760495, 
0.091720, 
0.899911, 
0.621883, 
0.487316, 
0.063242, 
0.979361, 
0.841050, 
0.343189, 
0.305379, 
0.726916, 
0.016207, 
0.635539, 
0.080586, 
0.365062, 
0.220465, 
0.398387, 
0.200986, 
0.086493, 
0.448875, 
0.316852, 
0.400541, 
0.511749, 
0.779032, 
0.038373, 
0.158221, 
0.066974, 
0.204165, 
0.505158, 
0.453517, 
0.692055, 
0.192136, 
0.057831, 
0.406108, 
0.442360, 
0.306680, 
0.050059, 
0.833196, 
0.350990, 
0.450096, 
0.396794, 
0.482386, 
0.331993, 
0.174481, 
0.078920, 
0.365896, 
0.025653, 
0.247822, 
0.105032, 
0.129482, 
0.191081, 
1.050743, 
0.018522, 
0.057427, 
0.141144, 
0.371458, 
0.282411, 
0.023625, 
0.044419, 
0.115636, 
0.092143, 
0.231223, 
0.076471, 
0.114834, 
0.312342, 
0.239765, 
0.048771, 
0.480334, 
0.549042, 
0.134576, 
0.787638, 
0.766020, 
0.267307, 
0.143906, 
0.089676, 
0.347447, 
0.071663, 
0.163939, 
0.614587, 
0.165197, 
0.202327, 
0.326097, 
0.381882, 
0.488550, 
0.699549, 
0.230954, 
0.173704, 
0.312867, 
0.115089, 
0.126757, 
0.130714, 
0.269666, 
0.312058, 
0.031119, 
0.084558, 
0.681476, 
0.087234, 
0.049794, 
0.124556, 
0.183275, 
0.417719, 
0.288296, 
0.055666, 
0.175157, 
0.379923, 
0.129396, 
0.600044, 
0.111736, 
0.290956, 
0.170629, 
0.029172, 
0.288364, 
0.492280, 
0.597860, 
0.269880, 
0.138536, 
0.239630, 
0.040856, 
0.061502, 
0.190829, 
0.106540, 
0.382293, 
0.554223, 
0.120740, 
0.081812, 
0.548229, 
0.659578, 
0.732119, 
0.118104, 
0.416725, 
0.521744, 
0.604300, 
0.029028, 
0.438819, 
0.424342, 
0.225166, 
0.104603, 
0.096826, 
0.138702, 
0.228674, 
0.965681, 
0.333382, 
0.345539, 
0.148473, 
0.729210, 
0.732297, 
0.196483, 
0.282847, 
0.103570, 
0.207132, 
0.392304, 
0.158822, 
0.126463, 
0.168986, 
0.305209, 
0.115957, 
0.227302, 
0.532370, 
0.163048, 
0.115412, 
0.504929, 
0.140289, 
0.255188, 
0.388370, 
0.329312, 
0.104306, 
0.126002, 
0.554826, 
0.286160, 
0.113809, 
0.220261, 
0.090898, 
0.053127, 
0.207967, 
0.266049, 
0.233255, 
0.068766, 
0.128519, 
0.109528, 
0.460619, 
0.638297, 
0.142905, 
0.096065, 
0.623260, 
1.059214, 
0.055284, 
0.102159, 
0.264735, 
0.311870, 
0.131129, 
0.384966, 
0.332495, 
0.229191, 
0.218573, 
0.355488, 
0.565922, 
0.069849, 
0.562624, 
0.449317, 
0.134370, 
0.637162, 
0.028141, 
0.429339, 
1.144899, 
0.082967, 
0.874035, 
0.159229, 
0.348515, 
0.250233, 
0.220434, 
0.611270, 
0.353730, 
0.430044, 
0.113381, 
0.406521, 
0.925671, 
0.205141, 
0.688130, 
0.688465, 
0.058058, 
0.344849, 
0.078689, 
0.112698, 
0.247839, 
0.172824, 
0.167493, 
0.049623, 
0.706029, 
0.118771, 
0.042445, 
0.539299, 
0.717982, 
0.091275, 
0.075852, 
0.025035, 
0.113432, 
0.290543, 
0.455520, 
0.074500, 
0.535426, 
0.190979, 
0.220154, 
0.876801, 
0.406762, 
0.055802, 
0.155219, 
0.430762, 
0.311412, 
0.268688, 
0.893407, 
0.130600, 
0.451615, 
0.058043, 
0.292114, 
0.301515, 
0.692563, 
0.152197, 
0.345178, 
0.466596, 
0.302641, 
0.337798, 
0.582812, 
0.364667, 
0.335809, 
0.087116, 
0.108916, 
0.247559, 
0.492798, 
0.091314, 
0.231392, 
0.070970, 
0.606030, 
0.024610, 
0.126785, 
0.329737, 
0.032395, 
0.144103, 
1.006476, 
0.645686, 
0.118949, 
0.196194, 
0.898440, 
0.268685, 
0.849761, 
0.149822, 
0.362676, 
0.084059, 
0.189361, 
0.832738, 
0.572630, 
0.274105, 
0.078212, 
0.234326, 
0.623159, 
0.388294, 
0.136073, 
0.072383, 
1.151053, 
0.352589, 
0.044331, 
0.031417, 
0.281722, 
0.056049, 
0.349638, 
0.514105, 
0.198364, 
0.217504, 
0.043448, 
0.032344, 
0.262857, 
0.427326, 
0.529016, 
0.016468, 
0.191134, 
0.378847, 
0.281619, 
0.078701, 
0.665132, 
0.448461, 
0.134608, 
0.302854, 
0.455967, 
0.295609, 
0.252513, 
0.491329, 
0.476942, 
0.395004, 
0.055374, 
0.330997, 
0.874345, 
0.830785, 
0.739841, 
0.266650, 
0.201142, 
0.255627, 
0.255979, 
0.080485, 
0.116245, 
0.056922, 
0.186575, 
0.851241, 
0.403044, 
0.331216, 
0.581148, 
0.197125, 
0.456729, 
0.448357, 
0.762922, 
0.146568, 
0.191850, 
0.576582, 
0.058605, 
0.372422, 
0.155098, 
0.203109, 
0.251663, 
0.264207, 
0.522240, 
0.135663, 
0.195274, 
0.032265, 
0.630849, 
0.513993, 
0.325268, 
0.629108, 
0.188244, 
0.091566, 
0.061324, 
0.085291, 
0.331942, 
0.665841, 
0.139348, 
0.150174, 
0.678300, 
0.407972, 
0.564051, 
0.093604, 
0.109365, 
0.211020, 
0.625122, 
0.185027, 
0.043427, 
0.459681, 
0.152247, 
0.565684, 
0.040841, 
0.790054, 
0.024374, 
0.416782, 
0.180933, 
0.183499, 
0.116022, 
0.077883, 
0.032719, 
0.431770, 
0.123121, 
0.263234, 
0.075595, 
0.058204, 
0.159208, 
0.222510, 
0.132437, 
0.189986, 
0.710470, 
0.274518, 
0.214903, 
0.202652, 
0.533116, 
0.254197, 
0.426743, 
0.180151, 
0.322557, 
0.187744, 
0.626869, 
0.189540, 
0.542214, 
0.315539, 
0.209697, 
0.247407, 
0.074324, 
0.649634, 
0.274425, 
1.083938, 
0.321577, 
0.074122, 
0.590237, 
0.616250, 
1.123194, 
0.364374, 
0.284253, 
0.213849, 
0.192308, 
0.137927, 
0.530188, 
0.368068, 
0.162287, 
0.452832, 
0.498220, 
0.417907, 
0.415336, 
0.435468, 
0.076019, 
0.276759, 
0.162224, 
0.366206, 
0.218460, 
0.306840, 
0.235192, 
0.282001, 
0.095837, 
0.302297, 
0.671442, 
0.103168, 
0.480400, 
0.187656, 
0.620393, 
0.096064, 
0.042586, 
0.113604, 
0.141813, 
0.681618, 
0.072964, 
1.117691, 
0.649015, 
0.117896, 
0.248953, 
0.020502, 
0.554422, 
0.374997, 
0.115248, 
0.449754, 
0.079779, 
0.076184, 
0.232885, 
0.436624, 
0.141715, 
0.148185, 
0.373417, 
0.548527, 
0.459773, 
0.224476, 
0.057359, 
0.287494, 
0.018319, 
0.397176, 
0.522510, 
0.367498, 
0.102104, 
0.125622, 
0.085012, 
0.175351, 
0.377238, 
0.254724, 
0.146564, 
0.312444, 
0.281919, 
0.189976, 
0.620006, 
0.328215, 
0.026345, 
0.708258, 
0.244763, 
0.077876, 
0.235673, 
0.081905, 
0.089699, 
0.159516, 
0.203007, 
0.346084, 
0.276385, 
0.058299, 
0.239188, 
0.631077, 
0.335936, 
0.523278, 
0.056225, 
0.242042, 
0.045024, 
0.175704, 
0.277229, 
0.372965, 
0.627019, 
0.556211, 
0.435024, 
0.125073, 
0.346174, 
0.309283, 
0.585794, 
0.219626, 
0.590913, 
0.344464, 
0.198922, 
0.029673, 
0.559406, 
0.341911, 
0.386344, 
0.084600, 
0.535593, 
0.059801, 
0.289652, 
0.051353, 
0.459867, 
0.496224, 
0.090811, 
0.375330, 
0.856652, 
0.505664, 
0.097224, 
0.129085, 
0.074891, 
0.321404, 
0.375661, 
1.067020, 
0.158082, 
0.089818, 
0.260802, 
0.076678, 
0.585528, 
0.861176, 
0.273693, 
0.220157, 
0.550555, 
0.131627, 
0.273997, 
0.096636, 
0.219192, 
0.284343, 
0.230120, 
0.523702, 
0.166743, 
0.253790, 
0.065147, 
0.068141, 
0.542116, 
0.262837, 
0.464279, 
0.342816, 
0.139482, 
0.085155, 
0.538405, 
0.310942, 
0.587834, 
0.055706, 
0.368298, 
0.104457, 
0.123394, 
0.311702, 
0.753594, 
0.166040, 
0.126925, 
0.260794, 
0.417748, 
0.111915, 
0.133623, 
0.632769, 
0.454516, 
0.421805, 
0.100844, 
0.547884, 
0.389272, 
0.806403, 
0.286295, 
0.539251, 
0.587735, 
0.180058, 
0.223640, 
0.401602, 
0.389160, 
0.777969, 
0.137079, 
0.479942, 
0.490907, 
0.230810, 
0.274950, 
0.423458, 
0.032042, 
0.121339, 
0.301745, 
0.253945, 
0.457974, 
0.048287, 
0.129053, 
0.035813, 
0.085343, 
0.260501, 
0.409239, 
0.112776, 
0.066548, 
0.844100, 
0.159586, 
0.872105, 
0.547852, 
0.109448, 
0.173155, 
1.091787, 
0.205043, 
0.110319, 
0.043224, 
0.371591, 
0.474694, 
0.278288, 
0.047005, 
0.499498, 
0.115408, 
0.098031, 
0.136021, 
0.211297, 
0.178882, 
0.687997, 
0.260677, 
0.373078, 
0.407406, 
0.160636, 
0.640682, 
0.472902, 
0.521210, 
0.419426, 
0.276129, 
0.344971, 
0.100069, 
0.094428, 
0.334246, 
0.576873, 
0.176335, 
0.877184, 
0.307471, 
0.399839, 
0.105253, 
0.030085, 
0.247842, 
0.139777, 
0.234380, 
0.889888, 
0.360355, 
0.447727, 
0.077304, 
0.161310, 
0.350863, 
0.077109, 
0.555245, 
0.619298, 
0.364143, 
0.082235, 
0.296617, 
0.122629, 
0.185766, 
0.062203, 
0.289079, 
0.092786, 
0.159093, 
0.110124, 
0.159634, 
0.198272, 
0.567035, 
1.147602, 
0.145523, 
0.526682, 
0.057749, 
0.082911, 
0.114819, 
0.322152, 
0.084386, 
0.622411, 
0.194912, 
0.228232, 
0.488419, 
0.159319, 
0.112082, 
0.474886, 
0.022302, 
0.099532, 
0.031892, 
0.602840, 
0.211482, 
0.590227, 
0.368777, 
0.329162, 
0.603240, 
0.047219, 
0.105363, 
0.404027, 
0.512729, 
0.954587, 
0.109467, 
0.935714, 
1.141537, 
0.138659, 
0.109563, 
0.056253, 
0.282671, 
0.207219, 
0.100493, 
0.718896, 
0.314482, 
0.174690, 
0.037357, 
0.197514, 
0.421784, 
0.034653, 
0.087203, 
0.859356, 
0.541903, 
0.392627, 
0.654899, 
0.117453, 
0.952084, 
0.342331, 
0.670796, 
0.079012, 
0.264113, 
0.095694, 
0.242698, 
0.095596, 
0.065054, 
0.949231, 
0.014365, 
0.246374, 
0.416557, 
0.297759, 
0.106410, 
0.554145, 
0.626911, 
0.193459, 
0.313873, 
0.046093, 
0.285336, 
0.678349, 
0.308875, 
0.840251, 
0.566243, 
0.483143, 
0.259293, 
0.753564, 
0.060486, 
0.281781, 
0.465210, 
0.165845, 
0.253636, 
0.218047, 
0.051756, 
0.077050, 
0.562052, 
1.276387, 
0.453085, 
0.229561, 
0.140281, 
0.819313, 
0.764793, 
0.132498, 
0.457761, 
0.956500, 
0.095193, 
0.052142, 
0.257526, 
0.445222, 
0.165789, 
0.117796, 
0.049651, 
0.004549, 
0.864863, 
0.120090, 
0.478078, 
0.845370, 
0.357737, 
0.134253, 
0.290056, 
0.080083, 
0.140585, 
0.111107, 
0.824320, 
0.205105, 
0.439898, 
0.571768, 
0.099471, 
0.137766, 
0.151106, 
0.188769, 
0.115415, 
0.248572, 
0.065431, 
0.070154, 
0.419061, 
0.322434, 
0.028698, 
0.184706, 
0.656741, 
0.262965, 
0.896685, 
0.806110, 
0.253219, 
0.548280, 
0.277142, 
0.079310, 
0.387562, 
0.394764, 
0.352596, 
0.372068, 
0.122376, 
0.479284, 
0.496323, 
0.045205, 
0.089834, 
0.259502, 
0.025788, 
0.022713, 
0.610154, 
0.090066, 
0.246602, 
0.171485, 
0.226173, 
0.060474, 
0.194720, 
0.278110, 
0.279084, 
0.068681, 
0.441578, 
0.169963, 
0.490974, 
0.744514, 
0.282156, 
0.261646, 
1.096125, 
0.333721, 
0.214822, 
0.592689, 
0.318352, 
0.090757, 
0.564495, 
0.266376, 
0.754957, 
0.024700, 
0.537247, 
0.100908, 
0.507195, 
0.206680, 
0.746857, 
0.051534, 
0.699287, 
0.203128, 
0.283927, 
0.502149, 
0.158394, 
0.517678, 
0.057401, 
0.247531, 
0.084194, 
0.474597, 
0.402039, 
0.130373, 
0.276589, 
0.057983, 
0.113073, 
0.098073, 
0.180576, 
0.089149, 
0.241510, 
0.152642, 
0.354591, 
0.267095, 
0.452532, 
0.626272, 
0.083104, 
0.693017, 
0.645187, 
0.431983, 
0.170288, 
0.353197, 
0.050700, 
0.430004, 
0.149835, 
0.202489, 
0.578697, 
0.148138, 
0.112749, 
0.092199, 
0.870592, 
0.644999, 
0.502713, 
0.601026, 
0.226367, 
0.382883, 
0.274787, 
1.398556, 
0.361121, 
0.034539, 
0.183990, 
0.382385, 
0.055673, 
0.431034, 
0.946598, 
0.199958, 
0.144775, 
0.250784, 
0.210237, 
0.443824, 
0.022430, 
0.135460, 
0.013470, 
0.144485, 
0.071497, 
0.117021, 
0.304291, 
0.081918, 
0.137231, 
0.429761, 
0.661537, 
0.036914, 
0.692156, 
0.570941, 
0.214756, 
0.718554, 
0.334307, 
0.044039, 
0.425835, 
0.557565, 
0.121619, 
0.033769, 
0.094895, 
0.126985, 
0.029190, 
0.695404, 
0.224868, 
0.264247, 
0.547603, 
0.073291, 
0.720552, 
0.257653, 
0.097382, 
0.078508, 
0.038050, 
0.612964, 
0.293696, 
0.425010, 
0.742113, 
0.076823, 
0.306250, 
0.495174, 
0.605014, 
0.893698, 
0.225190, 
1.152029, 
0.517473, 
0.294885, 
0.323327, 
0.745411, 
0.201555, 
0.172105, 
0.447957, 
0.617834, 
0.912507, 
0.218098, 
0.114878, 
0.200127, 
0.415559, 
0.310622, 
0.147481, 
0.168621, 
0.073980, 
0.710947, 
0.345959, 
0.717723, 
0.182742, 
0.793197, 
0.337830, 
1.143863, 
0.224460, 
0.113423, 
0.402525, 
0.110057, 
0.158872, 
0.052725, 
0.211610, 
0.925355, 
0.133822, 
0.473624, 
0.182376, 
0.166946, 
0.562579, 
0.309009, 
0.729153, 
0.178079, 
0.864116, 
0.888109, 
0.579507, 
0.799334, 
0.085406, 
0.289466, 
0.180509, 
0.721606, 
0.066869, 
0.122303, 
0.511893, 
0.877958, 
0.202662, 
0.040705, 
0.747000, 
0.124141, 
0.175155, 
0.127754, 
0.839569, 
0.070795, 
0.715938, 
0.166747, 
0.238631, 
0.402895, 
0.177110, 
0.104923, 
0.513850, 
0.448628, 
0.314549, 
0.427467, 
0.329770, 
0.244017, 
0.171649, 
0.339156, 
0.349911, 
0.109496, 
0.384691, 
0.113339, 
0.420475, 
0.268289, 
0.933510, 
0.132991, 
0.488716, 
0.317596, 
0.042813, 
1.008724, 
0.320108, 
0.444020, 
0.250846, 
0.265484, 
0.099195, 
0.066053, 
0.918777, 
0.431146, 
0.194085, 
0.039596, 
0.070886, 
0.155839, 
0.426122, 
0.300914, 
0.136798, 
0.171221, 
0.430682, 
0.140740, 
0.232134, 
0.241142, 
0.403106, 
0.607745, 
0.578297, 
0.164268, 
0.760401, 
0.261425, 
0.120959, 
0.829867, 
0.254253, 
0.362742, 
0.312729, 
0.177461, 
0.356943, 
0.081530, 
0.083435, 
0.037130, 
0.411874, 
0.362929, 
0.074137, 
0.123918, 
0.040929, 
0.726117, 
0.145016, 
0.249906, 
0.102794, 
0.048667, 
0.320620, 
0.063879, 
0.225831, 
0.259295, 
0.181052, 
0.018524, 
0.521390, 
0.103123, 
0.398075, 
0.040039, 
0.774439, 
0.451594, 
0.078822, 
0.653243, 
0.028810, 
0.180300, 
0.052695, 
0.124817, 
0.143382, 
0.120904, 
0.574054, 
0.038742, 
0.303094, 
0.255623, 
0.115459, 
0.216863, 
0.158816, 
0.360160, 
0.011970, 
0.442388, 
0.297209, 
0.079320, 
0.168109, 
0.641207, 
0.441937, 
0.164704, 
0.063632, 
0.092970, 
0.558339, 
0.270303, 
0.124463, 
0.249826, 
0.239965, 
0.299754, 
0.098535, 
0.345751, 
0.573570, 
0.329600, 
0.609559, 
0.324101, 
0.394962, 
0.102115, 
0.203326, 
0.038625, 
0.187158, 
0.233457, 
0.025009, 
0.167975, 
0.144776, 
0.249480, 
0.554622, 
0.376896, 
0.586606, 
0.109866, 
0.164731, 
0.310125, 
0.182168, 
0.084255, 
0.132206, 
0.263624, 
0.378219, 
0.191320, 
0.155447, 
0.232124, 
0.147835, 
0.250444, 
0.431309, 
0.319373, 
0.088518, 
0.431467, 
0.707891, 
0.264068, 
0.543072, 
0.183025, 
0.081508, 
0.208017, 
0.204558, 
0.051095, 
0.357857, 
0.681534, 
0.675805, 
0.110840, 
0.196763, 
0.055435, 
0.109007, 
0.080268, 
0.109648, 
0.656684, 
0.064835, 
0.818658, 
0.129375, 
0.239991, 
0.524741, 
0.132816, 
0.355843, 
0.046492, 
0.120555, 
0.560265, 
0.540411, 
0.032660, 
0.235013, 
0.176942, 
0.115979, 
0.096665, 
0.644001, 
0.074063, 
0.409518, 
0.323471, 
0.768031, 
0.360890, 
0.541815, 
0.399121, 
0.036523, 
0.131271, 
0.734500, 
0.245020, 
0.168824, 
0.309473, 
0.195511, 
0.554745, 
0.292609, 
0.084815, 
0.255775, 
0.020812, 
0.652922, 
0.101467, 
0.139544, 
0.752966, 
0.337755, 
0.431112, 
0.854818, 
0.367424, 
0.420040, 
0.295790, 
0.037822, 
0.276409, 
0.337438, 
0.346804, 
0.721081, 
0.085563, 
0.063607, 
0.359542, 
0.128530, 
1.088389, 
0.407072, 
0.199630, 
0.449502, 
0.369958, 
0.492800, 
0.274464, 
0.078037, 
0.611591, 
0.456140, 
0.162438, 
0.109602, 
0.293078, 
0.012093, 
0.230024, 
0.156165, 
0.774772, 
0.019715, 
0.087147, 
0.040984, 
0.291756, 
0.148163, 
0.538528, 
0.041786, 
0.029694, 
0.216387, 
0.134390, 
0.459742, 
0.517142, 
0.045976, 
0.442647, 
0.528561, 
0.488623, 
0.128182, 
0.377780, 
0.164058, 
0.268768, 
0.163014, 
0.510577, 
0.397401, 
0.221061, 
0.909487, 
0.174043, 
0.075474, 
0.998032, 
0.040108, 
0.303592, 
0.233555, 
0.395305, 
0.027992, 
0.385074, 
0.291322, 
0.225211, 
0.210189, 
0.698649, 
0.088861, 
0.733102, 
0.542821, 
0.295364, 
0.773734, 
0.137115, 
0.458217, 
0.345349, 
0.131733, 
0.339060, 
0.219139, 
0.575600, 
0.104189, 
0.806284, 
0.378394, 
0.475286, 
0.257682, 
0.514593, 
0.226699, 
0.223443, 
0.551732, 
0.332208, 
0.718072, 
0.037462, 
0.049899, 
0.086264, 
0.422327, 
0.167635, 
0.090583, 
0.214639, 
0.126562, 
0.284234, 
0.409105, 
0.135884, 
0.188047, 
0.092025, 
0.438377, 
0.268142, 
0.327668, 
0.493339, 
0.276358, 
0.212594, 
0.108158, 
0.090456, 
0.112085, 
0.330718, 
0.095099, 
0.157473, 
0.648780, 
0.338563, 
0.086407, 
0.055550, 
0.573743, 
0.054537, 
0.668115, 
0.919341, 
0.388036, 
1.093353, 
0.306239, 
0.095793, 
0.023175, 
0.802464, 
0.616737, 
0.359833, 
0.114670, 
0.152734, 
0.083447, 
0.182885, 
0.195957, 
0.491090, 
0.116187, 
0.432207, 
0.067967, 
0.264716, 
0.136468, 
0.043830, 
0.289313, 
0.715975, 
0.351355, 
0.327144, 
0.077354, 
0.032954, 
0.461532, 
0.275638, 
0.108763, 
0.138914, 
0.145497, 
0.240876, 
0.306256, 
0.439865, 
0.143482, 
0.847750, 
0.016627, 
0.039260, 
0.137889, 
0.018294, 
0.061681, 
0.099274, 
0.399963, 
0.094100, 
0.806505, 
0.337762, 
0.329871, 
0.498041, 
0.080025, 
0.314476, 
0.189140, 
0.264569, 
0.017145, 
0.247824, 
0.196242, 
0.091740, 
0.381886, 
0.876388, 
0.421181, 
0.746027, 
0.267398, 
0.129317, 
0.170328, 
0.408553, 
0.183768, 
0.160469, 
0.088958, 
0.200624, 
0.412719, 
0.163285, 
0.095108, 
0.633137, 
0.838699, 
0.251943, 
0.876853, 
0.106819, 
1.069113, 
0.668133, 
0.601080, 
0.357073, 
0.772514, 
0.019242, 
0.767188, 
0.044320, 
0.096103, 
0.280521, 
0.134450, 
0.243137, 
0.154905, 
0.295690, 
0.240577, 
0.361880, 
0.075957, 
0.190686, 
0.150597, 
0.192060, 
0.195049, 
0.108529, 
0.396474, 
0.790185, 
0.199508, 
0.593742, 
0.384678, 
0.530654, 
0.252249, 
0.152728, 
0.260072, 
0.685144, 
0.187733, 
0.168347, 
0.485806, 
0.101492, 
0.224693, 
0.131637, 
0.111592, 
0.067791, 
0.195871, 
0.177159, 
0.057723, 
0.053007, 
0.127705, 
0.379694, 
0.948310, 
0.129649, 
0.430105, 
0.451008, 
0.922353, 
0.042428, 
0.157268, 
0.145214, 
0.102220, 
0.073148, 
0.552279, 
0.363581, 
0.520973, 
0.090301, 
0.805989, 
0.308600, 
0.563725, 
0.097806, 
0.169741, 
0.052842, 
0.484612, 
0.352040, 
0.068853, 
0.167439, 
0.508822, 
0.195762, 
0.384253, 
0.154667, 
0.551218, 
0.269880, 
0.410888, 
0.334331, 
0.553869, 
0.014187, 
0.202002, 
0.152056, 
0.538867, 
0.108498, 
0.050964, 
0.322613, 
0.354561, 
0.137462, 
0.586279, 
0.168580, 
0.008953, 
0.543560, 
0.486465, 
0.388452, 
0.063917, 
0.074563, 
0.188265, 
0.196911, 
0.100844, 
0.305182, 
0.425459, 
0.412117, 
0.299392, 
0.632324, 
0.036987, 
0.821282, 
0.138395, 
0.317865, 
0.131427, 
0.173785, 
0.318600, 
0.058923, 
0.197929, 
0.139070, 
0.110686, 
0.524025, 
0.462687, 
0.085692, 
0.786514, 
0.402336, 
0.311745, 
0.359831, 
0.284315, 
0.408748, 
0.340294, 
0.506855, 
1.295193, 
0.480841, 
0.513236, 
0.065665, 
0.352729, 
0.099827, 
0.076157, 
0.468752, 
0.273709, 
0.081711, 
0.115630, 
0.409749, 
0.313300, 
0.297069, 
0.102478, 
0.138695, 
0.261457, 
0.112631, 
0.106074, 
0.082460, 
1.133121, 
0.088300, 
0.029507, 
0.813561, 
0.576947, 
0.151040, 
0.534868, 
0.215153, 
0.590840, 
0.907530, 
0.869767, 
0.746444, 
0.213341, 
0.141790, 
0.773677, 
0.142698, 
0.260270, 
0.507548, 
0.107044, 
0.226529, 
0.497594, 
0.157551, 
0.633781, 
0.134617, 
0.434059, 
0.122616, 
0.339570, 
0.673189, 
0.257405, 
0.136136, 
0.454412, 
0.052241, 
0.265200, 
0.117626, 
0.171168, 
0.562435, 
0.242514, 
0.215836, 
0.779225, 
0.061755, 
0.216298, 
0.237792, 
0.204126, 
0.090657, 
0.313094, 
0.548128, 
0.311099, 
0.202703, 
0.314757, 
0.276920, 
1.011201, 
1.025666, 
0.401938, 
0.392879, 
0.246778, 
0.407901, 
0.139405, 
0.279432, 
0.118342, 
0.563144, 
0.170973, 
0.119560, 
0.238351, 
0.340760, 
0.140363, 
0.463846, 
0.550276, 
0.102774, 
0.282872, 
0.503343, 
0.477365, 
1.027191, 
0.072728, 
0.042976, 
0.151839, 
0.176045, 
0.848019, 
0.019283, 
0.637555, 
0.560241, 
0.296059, 
0.479281, 
0.230092, 
0.187749, 
0.439056, 
0.412546, 
0.314384, 
0.642951, 
0.394865, 
0.051604, 
0.520220, 
0.180105, 
0.382128, 
0.533652, 
0.399627, 
0.876012, 
0.502921, 
0.319000, 
0.130733, 
0.051078, 
0.755660, 
0.356674, 
0.481444, 
0.296622, 
0.579357, 
0.181466, 
0.327170, 
0.204609, 
0.460598, 
0.109301, 
0.196909, 
1.134293, 
0.099295, 
0.037625, 
0.509786, 
0.426929, 
0.031801, 
0.081632, 
0.278241, 
0.684665, 
0.438215, 
0.180538, 
0.297014, 
0.240934, 
0.152502, 
0.532974, 
0.469916, 
0.319479, 
0.360652, 
0.371315, 
0.511444, 
0.035840, 
0.044226, 
0.174937, 
0.457675, 
0.494043, 
0.138122, 
0.236398, 
0.054196, 
0.017675, 
0.183249, 
0.230660, 
0.039123, 
0.743864, 
0.207174, 
0.456851, 
0.080023, 
0.432903, 
0.805051, 
0.035909, 
0.146032, 
0.200870, 
0.193339, 
0.764259, 
0.311063, 
0.249764, 
0.037445, 
0.087800, 
0.418561, 
0.117773, 
0.389034, 
0.169891, 
0.323409, 
0.677347, 
0.504423, 
0.067306, 
0.463895, 
0.798674, 
0.062971, 
0.068688, 
0.578925, 
0.061540, 
0.245399, 
0.430582, 
0.137390, 
0.090985, 
0.565905, 
0.220094, 
0.138981, 
0.353012, 
0.189365, 
0.631528, 
0.402368, 
0.129538, 
0.214466, 
0.393196, 
0.438193, 
0.295780, 
0.021378, 
0.017947, 
0.124332, 
0.289127, 
0.606853, 
0.081645, 
0.040673, 
0.295470, 
0.822953, 
0.595986, 
0.123486, 
0.332690, 
0.247258, 
0.323893, 
0.206668, 
0.440776, 
0.060649, 
0.115504, 
0.272777, 
0.719009, 
0.518403, 
0.252042, 
0.212972, 
0.033322, 
0.214231, 
0.393219, 
0.260163, 
0.728314, 
0.156109, 
0.539399, 
0.014195, 
0.216857, 
0.589489, 
0.192097, 
0.177318, 
0.331999, 
0.080768, 
0.147554, 
0.208351, 
0.165502, 
0.274266, 
0.049214, 
0.277731, 
0.201096, 
0.760934, 
0.336080, 
0.267717, 
0.554665, 
0.466255, 
0.208644, 
1.075659, 
0.126104, 
0.174878, 
0.415377, 
0.124612, 
0.173087, 
0.491632, 
0.141068, 
0.123606, 
0.089729, 
0.113740, 
0.126512, 
0.125385, 
0.137696, 
0.495297, 
0.764162, 
0.725551, 
0.167798, 
0.070882, 
0.349730, 
0.414019, 
0.458349, 
0.141713, 
0.563118, 
0.124563, 
0.309608, 
0.279094, 
0.107060, 
0.453261, 
0.438460, 
0.507351, 
0.550697, 
0.067832, 
0.355318, 
0.575591, 
0.439525, 
0.045101, 
0.175002, 
0.127281, 
0.336945, 
0.362256, 
0.315528, 
0.020579, 
0.122591, 
0.424108, 
0.477968, 
0.393824, 
0.103007, 
0.444088, 
0.539393, 
0.645036, 
0.264348, 
0.653057, 
0.147881, 
0.202573, 
0.284348, 
0.232747, 
0.195541, 
0.046008, 
1.005560, 
0.552088, 
0.431608, 
0.506362, 
1.127219, 
0.081100, 
0.492274, 
0.103786, 
0.454537, 
0.158728, 
0.325621, 
0.537666, 
0.289523, 
0.579893, 
0.301906, 
0.368560, 
0.148041, 
0.184694, 
0.200414, 
0.069161, 
0.014638, 
0.051006, 
0.092125, 
0.952287, 
0.392772, 
0.238103, 
0.738613, 
0.093928, 
0.534216, 
0.404757, 
0.172105, 
0.055182, 
0.330144, 
0.142882, 
0.275468, 
0.219856, 
0.326767, 
0.029144, 
0.072497, 
0.279491, 
0.176560, 
0.142118, 
0.227116, 
0.418554, 
0.081695, 
0.505512, 
0.142136, 
0.377222, 
0.088000, 
0.336556, 
0.087459, 
0.206315, 
0.038598, 
0.038229, 
0.523085, 
0.509431, 
0.352347, 
0.229592, 
0.153218, 
0.514141, 
0.315974, 
0.660282, 
0.258286, 
0.045053, 
0.215065, 
0.092120, 
0.300413, 
0.541609, 
0.032409, 
0.257603, 
0.268424, 
0.459806, 
0.492547, 
0.190517, 
0.152447, 
0.234699, 
0.340891, 
0.033958, 
0.237981, 
0.246769, 
0.295803, 
0.440885, 
0.302786, 
0.780485, 
0.195372, 
0.828245, 
0.236339, 
0.039776, 
0.164862, 
0.241399, 
0.252194, 
0.355049, 
0.425491, 
0.870585, 
0.384322, 
0.663456, 
0.091602, 
0.451418, 
0.088711, 
0.159657, 
0.608645, 
0.420926, 
0.100027, 
0.148124, 
0.881244, 
0.198066, 
0.145086, 
0.130030, 
0.082793, 
0.255282, 
0.339957, 
0.155553, 
0.070386, 
0.359168, 
0.080704, 
0.236565, 
0.078615, 
0.660014, 
0.062696, 
0.305286, 
0.010422, 
0.155694, 
0.437592, 
0.377041, 
0.298071, 
0.500754, 
0.538369, 
0.177426, 
0.506285, 
0.071731, 
0.021657, 
0.348373, 
0.129773, 
0.488720, 
0.056772, 
0.042348, 
0.184209, 
0.523445, 
0.332596, 
0.179306, 
0.269169, 
0.324379, 
0.889996, 
0.470280, 
0.291712, 
0.155519, 
0.037484, 
0.421206, 
0.099270, 
0.258623, 
0.085981, 
0.820633, 
0.099934, 
0.088774, 
0.731562, 
0.232479, 
0.763730, 
0.468480, 
0.073767, 
0.184965, 
0.206887, 
0.109465, 
0.230023, 
0.095625, 
0.351306, 
0.517810, 
0.067368, 
0.290887, 
0.184260, 
0.295878, 
0.197062, 
0.620915, 
0.319563, 
0.215071, 
0.275898, 
0.092400, 
0.173944, 
0.062501, 
0.326827, 
0.437407, 
0.409562, 
0.370125, 
0.596737, 
0.028342, 
0.503626, 
0.179641, 
0.275109, 
0.145467, 
0.645352, 
0.174410, 
0.330331, 
0.335941, 
0.680152, 
0.064287, 
0.277890, 
0.223801, 
0.592918, 
0.213302, 
0.178407, 
0.107464, 
0.546820, 
0.344598, 
0.126571, 
0.537425, 
0.234346, 
0.397785, 
0.165558, 
0.592606, 
0.071451, 
0.187234, 
0.458205, 
0.566479, 
0.188140, 
0.756851, 
0.564706, 
0.230951, 
0.500633, 
0.466147, 
0.096143, 
0.272393, 
0.353584, 
0.091083, 
0.144760, 
0.039099, 
0.545519, 
0.094097, 
0.088434, 
0.168657, 
0.846609, 
0.156646, 
0.050686, 
0.056217, 
0.354505, 
1.142553, 
0.410704, 
0.118826, 
0.304421, 
0.096153, 
0.512622, 
0.661511, 
0.380840, 
0.536795, 
0.466300, 
0.025366, 
0.321882, 
0.270801, 
0.384692, 
0.412984, 
0.357626, 
0.107515, 
0.702003, 
0.506112, 
0.121763, 
0.060708, 
0.163690, 
0.503388, 
0.192665, 
0.790148, 
0.354484, 
0.555948, 
0.059242, 
0.143936, 
0.252432, 
0.292963, 
0.127127, 
0.077204, 
0.525751, 
0.276585, 
0.180075, 
0.358007, 
0.357491, 
0.635871, 
0.618951, 
0.504342, 
0.377515, 
0.159073, 
0.123257, 
0.533345, 
0.666394, 
0.113075, 
0.481049, 
0.369039, 
0.577667, 
0.034503, 
0.214327, 
0.800416, 
0.016235, 
0.655663, 
0.069377, 
0.107703, 
0.124035, 
0.112079, 
0.285148, 
0.269357, 
0.345337, 
0.318734, 
0.374135, 
0.103655, 
0.249872, 
0.570986, 
0.555022, 
0.132369, 
0.456799, 
0.132307, 
0.023477, 
1.100950, 
0.091006, 
0.141929, 
0.615934, 
0.082081, 
0.349660, 
0.427257, 
0.470971, 
0.144494, 
1.089407, 
0.109425, 
0.165086, 
0.262656, 
0.283104, 
0.512939, 
0.408115, 
0.820294, 
0.035072, 
0.318599, 
0.400226, 
0.158070, 
0.102828, 
0.174430, 
0.128844, 
0.650494, 
0.199787, 
0.325922, 
0.363968, 
0.270870, 
0.296429, 
0.811420, 
0.243651, 
0.272395, 
0.319569, 
0.148390, 
0.057658, 
1.298387, 
0.306763, 
0.239842, 
0.131537, 
0.392831, 
0.153531, 
0.175622, 
0.391402, 
0.597290, 
0.432562, 
0.183528, 
0.176528, 
0.809758, 
0.545167, 
0.115296, 
0.267287, 
0.292499, 
0.483359, 
0.077647, 
0.115151, 
0.319604, 
0.281551, 
0.261077, 
0.210995, 
0.061655, 
0.875032, 
0.073832, 
0.047756, 
0.622544, 
0.024654, 
0.437583, 
0.160506, 
0.712720, 
0.273326, 
0.288196, 
0.074396, 
0.142876, 
0.153001, 
0.761949, 
0.373009, 
0.293892, 
0.177821, 
0.335751, 
0.393213, 
0.491927, 
0.404672, 
0.418647, 
0.427102, 
0.062438, 
0.624984, 
0.062817, 
0.308564, 
0.098353, 
0.381170, 
0.041442, 
0.324789, 
0.931069, 
0.115574, 
0.229754, 
0.263871, 
0.119822, 
0.172379, 
0.528815, 
0.234886, 
0.148288, 
0.391076, 
0.498046, 
0.197658, 
0.301717, 
0.134351, 
0.122144, 
0.132878, 
0.555243, 
0.325076, 
0.660514, 
0.296850, 
0.105836, 
0.204955, 
0.381823, 
0.593454, 
0.992529, 
0.081825, 
1.289809, 
0.026480, 
0.271384, 
0.404374, 
0.855414, 
0.274400, 
0.224821, 
0.247337, 
0.061534, 
0.405274, 
0.854905, 
0.342217, 
0.708868, 
0.995035, 
0.187241, 
0.098824, 
0.548457, 
0.324529, 
